-----------------
Test 0
Liczba punktow   :  4
Punkty           :  [(1, 3), (3, 4), (4, 2), (2, 2)]
Prawidlowy wynik :  2
0
2
3
1
Wynik algorytmu  :  1
Błąd! Nieprawidlowy wynik algorytmu.
TEST NIEZALICZONY!!!
Orientacyjny czas: 0.00 sek.
-----------------
Test 1
Liczba punktow   :  10
Punkty           :  [(2, 7), (6, 7), (6, 3), (10, 9), (2, 3), (10, 5), (10, 1), (4, 3), (10, 7), (4, 7)]
Prawidlowy wynik :  6
1
5
5
9
1
9
9
3
9
3
Wynik algorytmu  :  5
Błąd! Nieprawidlowy wynik algorytmu.
TEST NIEZALICZONY!!!
Orientacyjny czas: 0.00 sek.
-----------------
Test 2
Liczba punktow   :  100
Punkty           :  [(44, 73), (10, 39), (56, 5), (78, 3), (8, 65), (86, 23), (8, 53), (42, 43), (24, 73), (10, 59), (32, 29), (54, 59), (4,[za dlugie]...
Prawidlowy wynik :  85
43
9
55
77
7
85
7
41
23
9
31
53
3
85
47
41
27
81
67
61
35
81
55
9
35
37
43
41
67
97
79
53
71
1
87
77
91
75
1
51
17
71
33
83
13
71
1
71
93
61
75
41
31
61
79
85
19
21
27
81
23
53
23
53
19
1
3
49
95
33
31
49
55
37
19
73
69
83
53
11
29
35
9
39
53
83
85
7
61
3
3
17
29
79
21
59
45
55
53
7
Wynik algorytmu  :  84
Błąd! Nieprawidlowy wynik algorytmu.
TEST NIEZALICZONY!!!
Orientacyjny czas: 0.00 sek.
-----------------
Test 3
Liczba punktow   :  500
Punkty           :  [(342, 427), (152, 461), (218, 391), (368, 189), (98, 183), (52, 261), (42, 443), (136, 193), (186, 323), (304, 77), (39[za dlugie]...
Prawidlowy wynik :  477
341
151
217
367
97
51
41
135
185
303
397
3
101
35
357
347
337
131
473
419
269
203
497
71
9
327
125
19
445
483
93
443
265
443
145
311
445
87
229
19
445
55
321
295
461
103
69
307
477
39
493
219
189
343
77
359
209
143
141
151
253
119
309
435
109
39
125
255
497
315
173
463
97
211
89
47
245
255
17
111
357
211
89
467
481
163
53
267
465
231
109
63
89
439
393
295
293
83
281
135
369
139
341
311
45
139
197
123
349
119
337
439
457
239
241
67
413
423
361
403
37
427
493
475
409
39
449
171
61
431
61
7
185
287
25
139
109
235
485
211
85
259
213
499
81
355
69
431
281
319
149
199
9
279
397
43
493
43
313
423
277
171
145
251
209
107
137
347
45
15
5
27
89
359
133
119
61
299
109
407
205
259
297
23
197
271
433
43
241
287
347
333
419
129
275
121
383
25
455
117
23
41
407
433
223
225
451
53
155
221
167
333
291
213
251
333
211
445
371
377
155
133
155
353
207
341
15
129
315
249
307
433
331
497
419
197
387
33
175
333
219
293
299
433
379
17
399
381
231
305
359
153
335
381
495
173
299
229
27
469
427
397
387
109
223
9
343
305
415
333
295
409
315
241
31
301
107
469
103
425
379
5
255
349
451
429
227
361
283
473
191
497
179
493
279
401
123
129
303
189
83
317
139
113
91
101
7
261
199
41
323
281
343
65
335
365
451
233
351
13
71
465
415
97
243
273
319
277
75
141
431
217
307
409
267
193
223
437
491
53
387
345
343
477
227
329
199
425
403
277
375
345
399
237
431
477
319
205
147
437
447
449
91
377
215
357
37
211
137
479
353
339
1
271
181
459
465
179
189
107
73
447
101
31
441
499
169
43
377
339
109
431
189
471
185
167
233
399
41
83
209
495
253
47
269
447
477
199
373
319
325
483
253
131
441
351
145
499
263
109
91
233
247
413
491
481
51
137
439
445
79
97
183
373
123
325
331
181
23
461
395
141
275
19
369
271
353
339
349
59
341
127
93
235
405
79
225
171
85
427
497
283
457
11
361
411
373
207
117
239
481
415
361
459
341
27
193
231
393
455
429
131
337
495
277
263
273
7
109
63
29
43
381
491
85
271
189
375
237
387
Wynik algorytmu  :  476
Błąd! Nieprawidlowy wynik algorytmu.
TEST NIEZALICZONY!!!
Orientacyjny czas: 0.00 sek.
-----------------
Liczba zaliczonych testów: 0/4
Liczba testów z przekroczonym czasem: 0/4
Liczba testów z błędnym wynikiem: 4/4
Liczba testów zakończonych wyjątkiem: 0/4
Orientacyjny łączny czas : 0.00 sek.
Status testów: W W W W
